camera_matrix:
- - 636.6358450282254
  - 0.0
  - 420.80108676577504
- - 0.0
  - 638.3898947421048
  - 238.03372112368555
- - 0.0
  - 0.0
  - 1.0
dist_coeff:
- - -0.017461882967629096
  - 0.663644868405947
  - -0.00408026830321742
  - -0.0023897405232484676
  - -2.073035897332429
