camera_matrix:
- - 962.9727186650466
  - 0.0
  - 483.16669487274146
- - 0.0
  - 959.095006205289
  - 621.5463267192298
- - 0.0
  - 0.0
  - 1.0
dist_coeff:
- - 0.015739256849659017
  - 0.13360988661625994
  - -0.007961065993159851
  - 0.004427164649252304
  - -0.12476752550625972
